41 0.563585 6334
26500 0.585009 15724
11478 0.895962 26962
24464 0.174108 28145
23281 0.513535 9961
491 0.0914029 11942
4827 0.165899 32391
14604 0.119083 153
292 0.37788 17421
18716 0.601764 19895
5447 0.663045 14771
11538 0.0570391 19912
25667 0.802606 17035
9894 0.875973 23811
31322 0.925718 17673
4664 0.462081 7711
28253 0.209601 25547
27644 0.996796 32757
20037 0.392438 8723
9741 0.840144 778
12316 0.0926237 22190
1842 0.00878933 30106
9040 0.272896 19264
22648 0.837611 23805
15890 0.205359 24370
15350 0.457961 31101
24393 0.10828 19629
12623 0.735008 19954
18756 0.361339 4966
7376 0.425153 26308
16944 0.98999 24626
11323 0.168981 21538
16118 0.0635395 22929
16541 0.147496 31115
4639 0.905118 22704
9930 0.426557 2306
31673 0.683187 5021
28745 0.82168 19072
6270 0.177892 26777
15573 0.155553 16512
23986 0.405591 9161
18636 0.682241 24767
23655 0.475295 4031
12052 0.834681 1150
16941 0.662984 13966
3430 0.949339 30191
18007 0.345988 15457
12287 0.84698 10383
14945 0.271889 32209
9758 0.739189 18588
6422 0.761315 27506
13030 0.5009 29168
900 0.994629 18762
1655 0.531327 6359
27624 0.626759 21548
6483 0.842158 4041
3602 0.743126 10291
30836 0.286081 11020
4596 0.733085 27348
23199 0.600238 24484
8281 0.144475 53
1999 0.806238 27938
6900 0.115604 18127
467 0.113773 14893
24648 0.686148 17807
2421 0.43672 6617
22813 0.290353 14309
7616 0.577868 17451
20600 0.160192 16519
31556 0.695761 30303
6224 0.335948 5844
32609 0.457442 32702
3195 0.625172 3093
14343 0.931516 1587
29314 0.290017 7448
25200 0.410718 6618
20580 0.604144 14798
15281 0.597827 20798
28009 0.828791 20472
23622 0.565752 12292
6038 0.737907 18190
29657 0.242866 6191
19815 0.698508 19156
11511 0.494461 2634
24272 0.612049 20328
22646 0.804529 4886
18875 0.867733 29869
20142 0.727683 1416
21881 0.976531 10322
18651 0.305826 5699
3557 0.869045 27892
24389 0.154881 10712
2600 0.0766015 21003
26869 0.545091 14688
13401 0.298746 15255
16423 0.152654 10585
24182 0.313883 27088
31426 0.873348 23757
9832 0.943999 4169
2154 0.784967 17189
